0	1715.02538557	210	1.50
1	1450.09108753	766	3.04
3	92.0756569826	875	4.19
4	867.798143597	664	2.57
4	1671.23011955	187734	2.91
5	281.026539048	331	4.04
5	864.391024285	803	2.86
5	902.290733664	401	2.97
5	1019.44266473	653255	3.47
5	1440.44303592	243	2.58
6	871.106149578	257	1.64
6	1012.69203056	761	2.16
6	1041.88866562	341	2.69
6	1334.71574067	1313	2.74
6	1393.05798443	955	2.97
6	1463.71291364	417	2.49
6	1625.62693452	277	2.84
6	1658.23836353	2502	2.95
7	368.299885742	247	3.16
7	641.585481921	407	2.14
7	788.207594436	109854	2.77
7	1027.39086394	216	4.09
7	1129.69996895	485	3.10
7	1867.63513038	23488	2.67
8	402.641027689	672892	4.22
8	464.491883572	319	3.28
8	776.571107204	2336	2.47
8	875.08351892	3967	2.68
8	943.720868904	42363	2.57
8	1201.22517244	1306	2.67
9	452.259691905	2937	2.88
9	490.894100329	2278	2.84
9	612.752312939	2204	3.01
9	723.250140538	315	2.76
9	788.261808495	449	2.34
9	951.209583614	1397	2.55
9	1499.27891396	491	2.93
9	1659.58936393	567	2.91
9	1908.95008507	358	3.11
9	2010.02730245	332	2.31
9	2038.07083201	235	1.91
10	972.592559323	325	2.98
10	1204.8520701	279	2.71
10	1532.57827665	235	2.93
10	1638.83336124	474	2.95
10	1972.67862355	4923	2.88
11	394.579457487	6499	2.97
11	672.681736546	1395	2.55
11	842.628275411	296	2.58
11	894.790552498	254	2.84
11	912.186370275	2345	2.73
11	1007.84101192	204	3.00
11	1102.0003412	22491	2.61
11	1165.8219583	615	2.61
11	1353.68296518	835	2.77
11	1558.77195578	658	3.02
12	144.765808323	3359	3.61
12	351.390489742	488596	3.06
12	399.55438062	778	3.04
12	1260.40150211	15359	2.65
12	1284.44463445	203	3.64
12	1532.93023046	38766	2.73
12	1565.38411845	196	2.86
12	1773.77932632	194	3.01
12	2029.87482623	219	1.93
13	21.5343613301	275	4.39
13	899.10583612	356	3.09
13	1084.66189567	266	2.95
13	1288.07361466	4282	2.66
13	1513.07691592	2924	2.73
13	1775.72751998	428	2.42
14	183.188606582	1285	3.77
14	249.050932823	448	5.10
14	274.8140747	9276	3.16
14	624.270289044	1074	3.46
14	764.882291173	8603	2.97
14	913.27202585	14688	2.63
14	1212.52259683	229	3.40
14	1257.39564031	309	2.83
14	1516.11135466	310	3.65
14	1916.00095561	3292	2.80
14	1949.18647192	3681	2.52
15	333.672782032	373	3.40
15	663.954195818	753	2.76
15	985.949921886	412	5.49
15	1074.24518091	4113	2.95
15	1126.61832413	3575	2.59
15	1182.46279143	550	3.26
15	1663.58492507	736	2.58
16	49.2655022483	1568	3.69
16	218.517832137	2973	5.71
16	363.048144802	1120	3.19
16	408.214325456	546	2.77
16	615.588730419	1291	2.58
16	776.197434158	301	2.63
16	945.552998571	2520	2.64
16	952.804233723	3637	2.51
16	1046.50871699	959	2.59
16	1227.50286581	759	2.38
16	1429.3322209	16789	2.89
16	1916.86663957	2924	2.66
16	1925.20766595	1630	2.64
17	155.718220023	2221	3.47
17	437.253232876	32393	2.85
17	587.740102855	12085	2.71
17	772.206118706	9163	2.65
17	779.554450763	585	2.65
17	870.630736105	2168	2.66
17	916.486599016	272	2.32
17	1174.02905976	1538	3.68
17	1649.63062373	237	2.61    7993.6808
17	1761.6290978	429	2.55    7987.9731
17	1937.28649771	10445	2.51  7978.9731
18	19.4771709313	288	3.62
18	102.952362998	988	3.63
18	363.714133427	225	5.78
18	430.960603701	446	3.21
18	515.794878229	308	3.21
18	961.927015505	6288	2.63
18	1090.73479167	2901	3.15
18	1157.49087129	219	5.33
18	1292.82260844	739	2.74
18	1306.84567318	352	2.62
18	1479.95023212	94920	2.68
18	1576.2767709	1509	2.72
18	1935.81426884	14404	2.61
18	1979.60781151	920	2.61
19	111.970134285	2464	3.40
19	238.132247912	532	3.54
19	755.080440087	5590	2.54
19	828.100216387	5574	2.64
19	1158.37581456	10591	2.70
19	1357.29799365	3428	2.64
19	1492.92753507	507	2.34
19	1703.46021712	336	2.62
20	388.767379186	455	4.27
20	715.605729005	255	2.88
20	794.351868052	956	2.84
20	910.976276558	10287	2.66
20	1036.05424072	256	3.67
20	1078.92788835	275	2.21
20	1222.77440624	969	3.16
20	1471.95191942	1148	2.70
20	1638.463042	16598	2.71
20	1700.33171775	2687	4.18
20	1744.27291086	269	3.02
20	1794.89844528	567	2.78
20	1826.08987371	371	2.77
20	1841.98902891	198	3.97
20	1878.14379185	720	2.59
20	1969.17400533	505	2.60
20	1999.54807934	348	2.46
21	289.779643173	462	4.72
21	321.6386711	14363	3.01
21	359.771555846	1332	2.97
21	392.594670239	477	3.26
21	518.213750821	211	3.82
21	555.457157712	12050	2.68
21	729.467211901	256	3.02
21	785.953332868	608	2.89
21	994.154343398	358	2.69
21	1184.43201997	4525	2.75
21	1259.67777683	7736	3.14
21	1386.98736043	1535	3.16
21	1602.13748074	1675	2.67
21	1638.52922596	4292	3.16
21	2018.94272562	1457	2.54
22	261.29193961	235	4.17
22	388.533098436	212	3.52
22	442.215365844	344	5.64
22	725.871019111	29361	2.67
22	940.40882052	14818	2.82
22	1132.91456211	2257	3.39
22	1157.79280428	382	5.64
22	1215.73911778	395	4.10
22	1294.23302154	63760	2.74
22	1309.30629636	1468	2.91
22	1357.90927876	1686	2.28
22	1389.43434962	347	4.23
22	1574.82593485	39842	2.72
23	192.263613144	17856	3.22
23	213.680992319	70834	3.18
23	331.255878552	1222	2.89
23	361.340115093	4237	2.83
23	444.555154115	29441	2.78
23	512.334805822	5765	2.71
23	597.479708195	1109	2.54
23	614.30662653	283	2.86
23	737.186207626	45894	2.64
23	750.436185606	227	3.02
23	922.945953613	188	1.84
23	961.813083887	1415	2.75
23	1165.85684095	80568	2.73
23	1438.79728004	3834	2.92
23	1515.27706776	1076	3.00
23	1617.36516426	634753	2.92
23	1703.55244372	1254	3.97
23	1725.49580982	1665	3.40
23	1759.13223999	377	4.22
23	2016.24170126	158322	2.73    7353.293
24	87.3579960528	1169	3.70
24	129.842299346	227	4.55
24	187.193452438	923	3.21
24	485.668131739	2431	2.60
24	565.400954485	411	2.79
24	766.049605522	70933	2.66
24	787.367667432	497	2.57
24	862.963401943	130124	2.67
24	931.739865655	244	2.65
24	1166.58177043	283	2.54
24	1207.76155278	252	3.23
24	1402.78804495	764	3.56
24	1446.01298653	12408	2.81
24	1457.80602401	4091	2.74
24	1472.35540336	627	3.39
24	1554.73304018	305	2.75
24	1766.54071886	27971	2.71 7270.6636
24	1842.02276638	646	3.00
24	1884.32469538	34398	2.66 7265.1724
24	2033.21253413	344	2.68
25	172.791967808	413	3.56
25	235.977072316	200	3.42
25	270.050784753	611	2.99
25	331.285536465	509	2.73
25	531.205001228	1641	2.88
25	593.295739878	358	2.90
25	614.678378749	7264	2.68
25	862.605250776	1323	2.61
25	887.626794809	3670	2.74
25	1009.45385107	2774	2.70
25	1115.27675014	11594	2.66
25	1138.34794663	222961	2.78
25	1149.37706992	1138	2.84
25	1238.50678637	2625	2.76
25	1254.20684641	243	3.30
25	1293.78056944	2106	2.71
25	1814.28799103	456	4.05
25	1880.08603259	956	2.68
25	1976.85103772	40990	2.56 7168.8952
25	2014.55445749	392	3.59
26	67.0047740517	3394	3.60
26	130.223002941	251	3.55
26	156.605664206	22317	3.29
26	202.049544622	375	3.51
26	249.83463338	444	3.13
26	282.533074752	195	3.13
26	361.056951895	2604	2.73
26	402.063769008	914	2.99
26	411.788974731	217	5.93
26	437.69183798	696778	4.01
26	506.900892184	244	2.73
26	549.105558031	730	2.49
26	776.151290148	255	2.76
26	805.279586379	243	2.46
26	820.03715304	421	2.89
26	831.827466404	371	4.59
26	933.205563772	66790	2.70
26	962.194207613	14356	2.66
26	1027.07420308	688	2.82
26	1194.5106302	312	2.24
26	1297.02274292	419	2.60
26	1312.58524235	271	5.06
26	1350.91853829	88836	2.82 7107.4778
26	1492.39669947	147	4.36
26	1521.68884479	281	3.07
26	1813.45340853	12258	2.69
26	1869.16899865	6685	2.66
27	108.838192673	444	3.94
27	197.804580733	135734	3.17
27	301.575835762	779	3.57
27	357.158777171	427	4.04
27	392.972132319	2519	2.82
27	407.629068359	997	2.71
27	444.954280861	352	2.57
27	528.348536877	241	4.26
27	541.865180171	205	2.30
27	631.330920749	171	3.02
27	756.174604234	246	5.20
27	968.984264373	1136	2.89
27	1108.79031358	560507	2.79
27	1224.5429453	3573	2.85
27	1314.855894	320	3.19
27	1376.75724334	12005	2.73 7018.5675
27	1450.88285364	329	2.38
27	1730.97584338	560	2.70
27	1777.29316304	4012	2.70
27	1968.16311546	9094	2.65
27	2024.68629722	13958	2.55
28	21.1295354375	6420	3.52
28	736.57461992	32201	2.66
28	869.448152703	567	2.71
28	944.618355952	36252	2.70
28	1021.90654095	539	3.02
28	1085.32735142	1563	2.86
28	1101.01156812	263	2.35
28	1109.08118551	333	3.36
28	1129.29732832	9764	2.74
28	1154.13146689	400	2.75
28	1267.62086323	208270	2.83    6937.6642
28	1291.05912438	197	2.53
28	1346.56935839	439	3.20
28	1558.8715172	6180	2.87
28	1760.8532145	674	2.72
28	1871.32597035	53629	2.66 6911.2264
29	449.157086353	28984	2.76
29	475.783934706	15443	2.72
29	487.375246535	1424	2.93
29	492.421298938	827	2.02
29	567.94560932	287	2.78
29	580.226633199	459	2.77
29	658.689414701	22881	2.65
29	775.396183728	3285	2.64
29	791.319810399	210	2.81
29	858.628672078	524988	2.68
29	926.598290295	776	2.79
29	966.871001063	966	2.64
29	976.390771801	1183	2.50
29	1043.66001791	3491	2.88
29	1060.15452158	166	4.11
29	1097.41100746	17150	2.80 6861.2688
29	1229.22930591	168	3.32
29	1238.13723291	287	3.70
29	1266.07890137	980	3.16
29	1279.58015131	264	4.30
29	1318.33309941	5087	2.99
29	1444.25127744	322	3.64
29	1711.35462103	5545	2.82
29	1731.10981729	189	2.44
29	1846.02438545	2129	2.82
29	1886.72552445	9811	2.71
29	1945.20170884	1391	2.67
29	1971.31567755	313	2.82
30	144.998996437	1431	3.37
30	370.038923624	219	2.91
30	375.703459331	304	3.16
30	389.786792681	1057	3.02
30	638.099644813	271	2.99
30	815.525342515	1470	2.67
30	873.668751092	1437	2.65
30	900.366991366	830	2.75
30	1076.93598337	4241	2.70
30	1083.89161879	2948	2.59
30	1127.23089829	3596	2.82  6778.3123
30	1273.32664576	710	3.16
30	1405.12685105	49476	2.91 6766.6117
30	1426.97500081	204	3.03
30	1602.3920554	412	2.98
30	1627.97312674	351	3.13
30	1643.01515111	12149	3.37
30	1649.99900542	19412	2.85
30	1691.6987631	5135	2.91
30	1708.54565953	426	5.76
30	1727.41283431	469565	2.85
30	1957.043403	391	2.74
31	254.582680665	236	3.72
31	380.373685898	216	2.66
31	397.066773606	375	3.05
31	413.629165326	4517	2.71
31	528.188418614	1869	2.76
31	619.794309134	13931	2.74
31	665.222956772	232	2.52
31	749.862619315	1279	2.67
31	816.888037909	678	2.89
31	901.8712226	195	5.47
31	1119.08843224	19973	2.85
31	1128.8304709	3842	2.89
31	1139.19865077	321	2.87
31	1147.18832986	844	3.28
31	1184.46151896	510	5.69
31	1224.69065467	207	3.65
31	1236.87107238	256	3.32
31	1333.80497834	1388	3.09
31	1457.16856198	3332	2.93
31	1468.94866637	18546	2.98 6684.2929
31	1490.96192793	1090	2.98
31	1568.93778933	214	2.63
31	1601.45743992	1453	2.84
31	1635.06966787	238385	2.88
31	1695.90680477	2803	2.88
31	1722.46206223	409	2.45
31	1756.67925344	672	2.99
31	1833.68568963	357	2.97
31	1873.2005349	275	3.56
31	1891.04915934	10232	2.82
31	1944.73353249	15886	2.70
31	1986.11368377	9361	2.64
31	2023.00084159	13295	2.69
32	31.4562527977	6978	3.47
32	77.7853806998	4967	3.33
32	119.047670602	8115	3.28
32	170.759680494	845	3.08
32	215.611152906	2352	3.11
32	528.720780483	1625	2.74
32	553.238335137	19975	2.77
32	652.92289089	9377	2.78
32	673.783725148	1337	2.74
32	691.056490017	13834	2.75
32	844.296275556	4496	2.72
32	1049.58141675	376	3.20
32	1118.70575251	929	3.20
32	1143.52941157	330	2.77
32	1187.1989396	708	2.75
32	1203.07014176	394	2.45
32	1280.16649482	793	3.35
32	1303.61297059	1028	3.08
32	1496.0553386	278	4.75
32	1509.4648883	44370	2.96 6604.8534
32	1529.64197017	339	3.46
32	1539.10715132	202	3.47
32	1559.58679974	282	2.97
32	1657.29637133	2749	3.07
32	1718.26873687	2721	2.88
32	1752.59570879	1317	2.95
32	1769.87674921	8509	2.80
32	1781.01790154	511	3.27
32	1827.97697792	31853	2.76 6591.4845
32	1897.47272095	25384	2.70 6588.5396
32	1989.65689345	374	2.28
32	2006.33789979	25566	2.66  6583.906
33	105.460715488	256	2.80
33	111.736210949	219	3.87
33	123.862035353	15832	3.14
33	298.194036756	4028	2.84
33	326.581354693	251	2.95
33	448.221821283	1058	2.80
33	572.683900184	411	2.41
33	626.148124572	509	2.89
33	758.97707965	222	3.13
33	767.349100742	653	2.67
33	886.081995319	5569	2.69  6554.1603
33	947.636852249	777	2.47
33	1096.71079804	474	3.00
33	1111.87894449	3694	3.13
33	1284.64252931	26658	3.11  6538.112
33	1296.73338192	298	4.49
33	1450.1917289	18129	2.92 6531.3418
33	1468.76643758	352	3.52
33	1675.44490347	1110	3.01
33	1872.00951166	2220	2.90
33	1907.32961464	3582	2.69
33	1986.05286821	850	2.94
33	2035.00948943	543	2.59
34	36.1884808393	1587	3.47
34	124.240810365	572	3.00
34	146.516589028	299	5.24
34	178.543850533	395	3.28
34	309.747983851	297	3.22
34	326.212225796	232	3.13
34	385.528367395	2252	2.84
34	519.086837613	3610	2.70
34	538.994838761	961	2.90
34	602.580903007	3186	2.62
34	650.408261084	321	2.96
34	686.343344996	300	3.08
34	798.795725634	16708	2.76
34	848.136047023	3863	2.83
34	1009.28580328	419	3.23
34	1068.44685571	1378	3.06
34	1178.33182464	1728	3.39
34	1187.751217	232	2.77
34	1215.65323379	19546	3.00
34	1313.68405763	4173	3.10
34	1417.13686181	236	3.43
34	1445.48343106	33669	2.92 6457.2824
34	1464.92428422	212	2.72
34	1600.91992523	364	3.58
34	1624.02897832	932	3.02
34	1702.94558444	553	3.10
34	1773.55906786	1365	3.22
34	1820.97727334	1388	3.14
34	1892.31548515	508	5.27
35	239.772639269	3751	2.95
35	468.620332769	1084	3.02
35	489.577292694	294	2.54
35	587.114026727	1590	3.04
35	640.892907179	263690	2.71
35	660.93137512	232	5.47
35	710.78873708	3074	2.62
35	755.219565802	10443	2.68 6411.8991
35	832.33829781	973	3.07
35	895.662449581	2556	2.80
35	983.419199031	1853	3.07
35	1042.53641501	489	3.26
35	1080.37917689	1839	3.10
35	1137.71691373	377	3.52
35	1146.19253215	2120	3.43
35	1193.88059643	629	3.56
35	1217.16292124	1434	3.20
35	1253.15982558	240	3.42
35	1309.61101304	202	3.51
35	1327.97598262	643	3.63
35	1342.66674999	523	3.54
35	1354.0549699	994	3.90
35	1378.13002509	1766	3.07
35	1444.97879597	65310	3.01 6384.7169
35	1495.24639048	236	4.08
35	1570.33040036	332	4.11
35	1638.18603768	5443	2.94
35	1760.92171773	1974	2.94
35	1818.92515543	16365	2.89
35	1829.75370497	754	3.32
35	1933.14456386	4856	2.92
36	109.422087086	2655	3.31
36	303.773430552	333	3.53
36	321.367024747	512	2.98
36	351.238990105	1128	2.69
36	358.780706965	431	2.74
36	529.743862533	576	2.95
36	541.974424008	2145	2.79
36	555.327169761	841	3.24
36	611.097370926	448	2.76
36	696.742481344	10649	2.63 6342.8595
36	774.053190565	214	3.35
36	780.2653874	992	2.85
36	833.553343401	1107	2.68  6337.6201
36	949.578912695	963	3.00
36	957.317763006	317	3.66
36	966.463390551	689	3.48
36	994.433838144	794	2.83
36	1100.89458568	6541	2.86  6327.2778
36	1124.18627715	2048	2.95
36	1174.18942407	1865	3.33
36	1192.20438967	254	3.78
36	1240.73029588	286	4.03
36	1253.90098008	207	4.04
36	1358.06158385	606	3.21
36	1393.88297708	712	3.16
36	1426.32705849	213	3.73
36	1473.38079225	223	3.66
36	1518.83700265	956	2.90
36	1560.19443204	3727	3.02
36	1597.85350495	36536	3.04  6307.657
36	1707.71551842	913	2.86
36	1753.33114563	300	2.89
36	1765.81314611	767	2.71
36	1865.78110785	25424	2.91 6296.8722
36	1901.16143003	214	3.07
36	1955.31571504	640	2.58
36	1963.92137556	382	2.95
36	2005.47469449	752	2.66
37	55.8421166356	11428	3.38
37	155.579905895	407	3.12
37	165.023576189	313	3.40
37	211.302273778	664	2.92
37	318.596368084	352	2.22
37	549.870612833	1487	2.73
37	616.158797686	512	3.13
37	670.386806538	446	3.25
37	738.661946201	688	2.87
37	868.914860513	192	5.84
37	895.034950128	265	4.79
37	1004.60547604	7593	2.81  6261.4181
37	1013.71468745	333	3.85
37	1057.09775129	587	3.23
37	1108.45026488	1531	2.98  6257.4237
37	1287.21306817	258	2.81
37	1340.90731731	5603	3.13
37	1398.0514604	400	2.73
37	1435.33739969	198	3.39
37	1469.04557011	2201	3.13
37	1475.81464839	7779	3.15
37	1530.96524509	789	3.32
37	1562.37405283	587	2.98
37	1685.04667099	2368	2.93
37	1783.8819487	861	3.27
37	1897.54853737	1348	2.72
37	1943.47146027	3021	2.83
37	2022.9580402	413	2.90
38	112.102411733	673	3.07
38	163.200411323	2069	3.00
38	251.583220681	387	2.57
38	287.328042625	687	2.89
38	398.753614862	16527	2.83
38	492.151275078	26677	2.77
38	595.059312109	517	2.53
38	620.753857185	257	2.57
38	634.817412284	8911	2.64
38	671.274277411	545	2.85
38	734.784132899	19172	2.71
38	798.630314	1482	3.33
38	875.175399279	7163	2.79
38	1042.13411183	5549	2.87
38	1141.31012337	5654	3.00
38	1167.06855896	695	3.59
38	1228.49306375	986	3.23
38	1284.78788043	54341	3.02 6182.6217
38	1334.55814342	1407	3.22
38	1367.73415512	1596	3.07
38	1393.29553572	2523	3.06
38	1530.61573407	34500	3.12 6173.0964
38	1551.62361078	41761	3.16 6172.2778
38	1605.45945761	28721	3.14 6170.174
38	1614.46623391	18368	3.00 6169.8221
38	1670.52099369	181	3.20
38	1734.12264787	3270	3.05
38	1750.48304277	6758	2.98
38	1808.60147534	216	4.13
38	1829.63090105	939	3.06
38	1937.09301325	562	3.07
38	1983.58149062	10294	2.85
38	2001.6455529	387	2.98
38	2012.98623452	771	2.76
39	57.2303025612	391	3.29
39	176.638482797	463	2.75
39	228.112996542	8658	3.00
39	248.298896394	319	3.19
39	260.590241721	672	2.96
39	318.145214641	4974	2.77
39	354.544019903	260	2.42
39	498.48456208	27462	2.73
39	517.287598947	224	2.08
39	590.463894517	1073	2.62
39	683.415741241	2573	2.78
39	703.190530084	271	2.80
39	834.531344241	346	2.19
39	929.365398506	260	4.05
39	950.762655041	3876	3.07
39	985.620267614	7367	2.91
39	1021.52232798	1113	2.89
39	1063.75920657	1911	3.02
39	1081.16154956	583	3.13
39	1093.42646807	2215	3.10
39	1123.7256053	201	3.49
39	1132.85146926	978	3.24
39	1145.13756792	934	3.19
39	1167.18774969	225	2.18
39	1179.84033151	429	3.55
39	1191.22496122	2985	3.25
39	1283.27835582	684	3.21
39	1315.898018	60322	3.14 6114.9234
39	1325.90624609	720	3.24
39	1354.08287059	4230	3.21
39	1370.34505737	278	4.65
39	1466.24278394	401	4.32
39	1488.78860948	259	3.71
39	1508.71478243	1010	3.29
39	1557.90837565	33823	3.15 6105.6351
39	1585.12748656	5951	3.18
39	1612.09040163	2427	3.19
39	1636.48203891	3326	3.11
39	1658.84803272	1261	3.23
39	1673.39214721	4961	3.13
39	1734.03741229	21981	3.08 6098.8031
39	1751.5787813	627	3.09
39	1873.75966794	338	3.36
39	1938.74178522	5284	2.90
39	2008.70896377	2453	2.72
40	198.326356394	3863	3.12
40	275.746752831	2474	2.79
40	336.011272949	991	2.93
40	350.079958892	987	2.85
40	464.972421786	2046	2.86
40	521.016800262	1222	2.76
40	543.12188493	1030	2.67
40	558.316708664	1203	2.75
40	579.43854213	875	2.76
40	800.999309326	713	2.83
40	888.746250354	442	2.94
40	916.731143184	3995	2.98
40	1003.33769528	302	3.48
40	1061.73357938	56411	3.00 6059.3725
40	1079.36418971	292	5.21
40	1162.86908668	342	3.09
40	1221.92845547	1767	3.16
40	1239.41366085	26824	3.10 6052.7229
40	1285.83311461	646	3.16
40	1336.81317631	4820	3.09
40	1393.70337747	1782	3.53
40	1434.29603594	434	3.39
40	1457.47692505	829	3.88
40	1490.41717866	103431	3.19    6043.2233
40	1507.10690984	525	3.45
40	1609.45252903	930	3.32
40	1635.05676097	9342	2.99
40	1700.21381965	632	2.91
40	1746.5025614	399	2.71
40	1760.4287269	450	4.38
40	1779.70263091	203955	3.05
40	1823.16868646	912	3.10
40	1854.66653932	203	1.97
40	1905.27596591	239	3.62
40	1959.50953067	11253	2.90
41	20.6587314635	164	3.91
41	41.6010771731	80008	3.32
41	89.9133147915	421	3.67
41	181.205211178	230	2.78
41	240.821815916	9619	2.97
41	295.608041253	209	2.65
41	357.257996386	3051	2.76
41	455.833419051	482	2.78
41	563.523874772	6827	2.72
41	628.17079445	392	3.15
41	661.24098523	2507	2.83
41	746.726263374	4468	2.71
41	783.844035104	5624	2.93
41	799.212766505	1496	2.99
41	864.574039747	480	3.85
41	893.178643659	213	4.53
41	907.971083761	2052	2.88
41	919.833036553	515	3.43
41	968.164443504	12431	2.98
41	1032.67131381	549	3.04
41	1070.76051616	199	3.49
41	1085.2767411	1156	3.11
41	1100.51891342	17625	2.97 5994.1287
41	1184.84068614	5198	3.03
41	1218.91636839	232	3.35
41	1229.60261994	923	3.88
41	1237.443085	793	3.19
41	1261.86469172	1617	3.31
41	1284.42664652	15503	3.16 5987.3016
41	1312.54212627	346	3.21
41	1321.55716284	460	3.24
41	1427.97605494	876	3.70
41	1609.92591992	5761	3.04  5975.0648
41	1646.80126161	21220	3.04 5973.6649
41	1701.04404122	7127	3.14
41	1749.96085745	537	2.57
41	1787.01962344	2132	3.08
41	1887.35165059	1137	3.12
42	69.0213533724	920	3.37
42	180.146321259	779	3.05
42	414.934112174	225	2.67
42	434.59933556	302	2.77
42	612.665379212	3431	3.00
42	625.637165152	314	3.06
42	741.738986806	2288	2.79
42	762.970003988	767	2.88
42	774.203501236	219	4.28
42	796.832999419	14237	2.88
42	847.186721418	2480	3.04
42	903.436132224	5846	2.85
42	913.594936611	2846	2.84
42	935.478444908	1115	2.88
42	949.279723316	459	3.30
42	971.393934226	459	3.18
42	1024.71591923	574	3.27
42	1147.67354742	1069	2.93
42	1178.21018702	51363	3.15 5928.813
42	1208.49717503	392	3.35
42	1224.10520493	4395	3.17
42	1248.40332196	3077	3.18
42	1257.63740272	611	5.52
42	1270.96429297	1794	3.21
42	1340.96232064	239	4.42
42	1363.90161698	463	3.47
42	1445.20121336	812	3.51
42	1508.0688324	3804	3.51
42	1559.63692423	5304	3.27
42	1567.35066909	270	2.65
42	1628.74837721	97100	3.14 5912.0853
42	1651.36408838	343	3.64
42	1712.39401331	1346	3.11
42	1801.47764372	772	2.92
42	1931.90416785	502	3.21
42	1951.95758818	459	2.99
43	103.851312895	363	3.05
43	248.184042777	400	3.26
43	270.200064874	445	3.29
43	383.205039047	283	2.87
43	401.842309566	719	2.94
43	511.57466051	2085	2.80
43	554.461219723	874	2.95
43	593.158264092	68070	2.80 5888.5841
43	651.574389196	521	3.00
43	674.872957121	3664	2.78  5885.7016
43	761.684956367	29613	2.82 5882.6242
43	974.954608845	424	4.20
43	1081.02137676	656	3.32
43	1106.28721724	902	3.21
43	1117.72951799	691	3.52
43	1158.60604062	628	3.24
43	1201.51895168	332	2.98
43	1221.06089405	275	3.31
43	1286.4496721	1541	3.16
43	1379.49350574	25300	3.22 5860.3103
43	1547.43963743	1276	3.23
43	1564.87921149	1380	3.13
43	1586.25929817	1750	2.93
43	1767.54870537	370	3.44
43	1824.46186264	762	3.06
43	1871.0098252	203	1.56
43	1908.30515629	407	2.76
43	1937.66974363	255	5.44
44	147.804841933	402	3.58
44	240.320979052	328	3.19
44	272.762875452	235	5.24
44	425.967163132	13615	2.79
44	480.742329666	799	2.81
44	525.348757544	392	2.95
44	604.42937266	345	3.18
44	655.697169961	197	4.13
44	755.196652611	418	2.83
44	774.682084399	292	4.58
44	878.61977237	246	2.87
44	963.768165113	321	3.02
44	1032.70837822	803	2.88
44	1038.77723411	665	3.45
44	1180.69563782	350	3.55
44	1235.32580555	205	3.42
44	1278.47558032	20351	3.16 5804.1412
44	1335.35701647	9343	3.30
44	1369.8707136	6992	3.17
44	1434.37891527	451	3.40
44	1466.3780284	348	3.63
44	1500.52618268	1161	3.33
44	1599.82515643	1538	3.18
44	1655.00400109	691	3.20
44	1675.5598609	2359	3.11
44	1759.01778956	530	4.04
44	1840.4727762	1213	3.14
44	1873.97616666	301	3.03
44	2005.00748121	235	2.52
45	93.8544939565	273	3.24
45	183.269889667	735	3.39
45	220.265977206	216	4.05
45	364.574703319	419	2.58
45	464.287419027	1940	3.65
45	519.056540891	7157	2.80
45	529.11376339	243	2.74
45	633.194686009	1789	2.68
45	644.796930861	687	2.56
45	767.307997141	2776	2.84
45	787.964258461	316	3.58
45	852.636895952	75339	2.85  5760.5508
45	901.033654493	226	3.65
45	965.234986649	238	4.73
45	1066.42842967	2265	3.16
45	1158.01668383	825	3.59
45	1168.97832667	287	2.86
45	1187.21918291	2332	3.18
45	1199.10126889	331	3.63
45	1380.34076328	1748	3.35
45	1444.37622776	24101	3.29 5739.5196
45	1475.73992852	2773	3.53
45	1489.39105976	359	3.90
45	1540.93955033	486	3.17
45	1707.0645078	234	2.79
45	1768.870813	204	4.65
45	1832.21783231	2545	3.10
45	1857.22886528	288	3.78
45	1863.28317962	336	3.16
45	1973.23282449	16519	2.87
45	1988.32260875	2578	2.94
46	191.85475991	1681	2.87
46	219.659257769	238	2.72
46	226.247492379	251	2.86
46	299.085773392	223	2.97
46	347.132299608	19596	2.76
46	363.735237583	3323	2.79
46	436.237266872	219	2.15
46	573.565152675	979	2.70
46	686.427150299	267	4.08
46	731.296581654	583	2.88
46	774.032251624	243	3.10
46	860.035409851	244	2.59
46	911.53066797	2412	3.73
46	985.551928893	452	3.72
46	1040.3091784	332	3.27
46	1174.72932763	3072	3.57
46	1223.43915555	5474	3.51
46	1232.31346251	2975	3.34
46	1296.78884092	458	3.60
46	1357.41145149	770	2.92
46	1398.57716107	1024	3.63
46	1449.79067787	7837	3.36
46	1585.05713313	1178	3.45
46	1642.17919023	582	3.68
46	1674.56471798	288	3.89
46	1698.38024513	587	4.62
46	1859.02047566	560	3.26
46	1912.26228869	1781	3.13
46	1927.33165176	299	2.28
46	1970.82445555	227	2.31
46	1997.1192918	173	2.95
47	61.3281308279	210	5.87
47	238.556865779	409	3.08
47	297.219337574	1761	2.94
47	313.863819914	258	2.61
47	361.31765774	253	3.06
47	390.512567393	233	4.33
47	478.258991634	4652	2.90
47	514.011494389	1136	2.84
47	616.549624645	588	3.49
47	727.252839813	35233	2.88  5650.7043
47	737.404654916	303	4.15
47	777.634561668	1224	3.11
47	786.387621446	6571	2.98
47	851.446850613	384	3.60
47	988.802011981	538	3.14
47	999.133097643	2955	3.15
47	1046.22364708	663	3.85
47	1064.11346491	1557	3.36
47	1115.73801453	2016	3.54
47	1157.35658599	904	3.72
47	1166.1914589	2913	3.35
47	1231.42042043	703	3.00
47	1292.4312828	297	3.94
47	1316.89516987	390	3.72
47	1447.835076	648	3.77
47	1501.54118784	2296	3.58
47	1581.93198334	1221	3.50
47	1588.48939097	430	2.87
47	1608.22592137	384	3.46
47	1635.46495865	259	2.71
47	1663.31502765	2668	3.40
47	1738.5524247	4456	3.15
47	1828.87515323	1163	3.17
47	1847.67054035	507	3.50
47	1867.37482544	1082	3.09
47	1898.16777256	306	3.33
47	1915.23416712	439	3.23
47	1976.31629557	40655	3.00 5606.733
47	1985.75144412	333	2.67
47	2016.3350047	194	2.71
48	40.0259864403	905	3.15
48	122.912031361	2128	3.04
48	222.355625591	892	3.08
48	243.119407956	407	3.07
48	264.581941734	862	2.93
48	298.325229919	283	3.33
48	317.17641653	462	3.16
48	384.303844574	55270	2.84 5606.733
48	394.765102132	538	2.95
48	428.121393935	385	2.83
48	455.672220023	564	3.19
48	500.498443022	239	3.89
48	538.703841933	3770	2.75
48	553.082745444	3223	2.88
48	572.700598328	1414	3.13
48	596.781295547	285	3.45
48	629.588204817	951	3.01
48	661.871724948	6842	2.87
48	709.80650668	443	5.11
48	733.54114626	5224	2.86
48	776.46892146	449	3.08
48	920.542752961	5726	3.14
48	970.200776676	17104	3.02 5587.0263
48	1091.98139166	207	4.71
48	1096.86172058	199	5.34
48	1106.16043408	348	2.94
48	1120.2911431	2398	3.35
48	1152.87102173	390	3.59
48	1172.39695854	345	3.75
48	1193.2392356	4012	3.24
48	1217.3675369	941	3.67
48	1241.57468371	3994	3.67
48	1284.16685983	1939	3.30
48	1366.09789946	7172	3.31  5573.3535
48	1389.45732025	29823	3.56
48	1427.78993555	3264	3.57  5571.1913
48	1435.60807996	218	2.94
48	1502.72138007	233	3.97
48	1518.93278683	475	3.90
48	1737.21291155	401	3.40
48	1754.402748	5179	3.17
48	1781.60894284	46339	3.20 5558.702
48	1791.66497537	3325	3.20
48	1828.03422481	1673	3.07
48	1912.27484935	1461	3.66
49	138.106944042	275	2.08
49	150.196858201	619	3.08
49	156.938797759	2805	3.05
49	186.90616238	28135	3.02
49	197.944302431	2164	2.95
49	237.952524774	1328	3.03
49	330.542175014	1611	3.36
49	508.845263489	2970	2.81
49	603.114404181	527	2.82
49	668.225743533	1467	2.79
49	706.985964869	331	2.93
49	722.980290441	797	4.80
49	757.700018886	396	3.09
49	776.862817093	7506	2.83
49	796.375958432	402	3.12
49	827.614472847	301	3.20
49	835.530677431	239	3.14
49	918.749875336	2875	3.21
49	955.62566673	248	3.48
49	1081.89557306	1014	3.87
49	1103.32049522	445	3.17
49	1130.76607615	426	3.55
49	1199.10317427	7659	3.25
49	1210.02108678	683	3.38
49	1292.19259913	407	4.20
49	1372.63659513	519	3.80
49	1491.19344686	1817	3.12
49	1505.45809287	372	3.47
49	1631.08916633	2370	3.23
49	1671.77188233	270	3.96
49	1694.86966852	449	3.77
49	1700.49437695	252	5.58
49	1741.57270701	10149	3.27
49	1775.44292944	221	3.66
49	1792.92729943	1333	3.16
49	1878.15430334	248	3.82
49	1905.00953448	288	4.34
49	1924.39521523	246	3.80
49	1935.39133787	4887	3.00
49	1965.53254053	495	3.60
49	2030.27596469	27861	2.99 5495.8738
50	37.6863371445	707	3.56
50	107.833189605	185	4.24
50	159.162214168	5355	3.07
50	215.53292293	874	2.89
50	309.306166184	298	3.53
50	338.66708963	294	4.50
50	359.796756095	339	2.61
50	371.875050878	6306	2.74
50	404.828699771	769	3.12
50	467.896625956	988	2.99
50	475.782016449	52218	2.86 5495.8738
50	523.088458367	520	2.73
50	548.883169279	233	3.78
50	557.566224046	488	2.94
50	574.529917956	1585	2.80
50	591.694930771	1096	3.11
50	651.375897727	1711	2.99
50	760.780824402	927	3.12
50	855.591123593	322	3.21
50	983.486592765	277	3.71
50	1112.563871	273	3.54
50	1150.40741291	4433	3.34
50	1229.82965343	813	3.23
50	1261.71083886	290	3.48
50	1278.30720237	426	3.46
50	1335.33272774	2737	3.38
50	1421.61984119	1476	3.43
50	1553.88580119	589	3.61
50	1607.44320031	1535	3.35
50	1618.53205465	5727	3.50
50	1648.85259975	189	5.80
50	1708.02140296	1074	3.68
50	1727.19523002	247	4.30
50	1767.8646562	1655	3.12
50	1784.0898282	18485	3.23
50	2010.29259692	279	2.42
50	2023.62208768	1689	2.97
51	27.7757000155	473	3.28
51	39.8946010756	1782	3.30
51	138.133207104	522	3.45
51	203.991098998	984	3.03
51	221.816629109	12520	2.99
51	463.133551215	246	3.19
51	470.106772516	498	3.11
51	484.113965517	3310	2.93
51	514.581223855	1543	2.84
51	565.454645406	385	2.76
51	584.214190621	5982	2.90
51	762.803659315	1144	2.87
51	855.170855844	2573	2.99
51	879.487306684	207	3.18
51	896.373605279	332	3.34
51	997.22362998	333	3.48
51	1019.28683546	300	3.33
51	1069.23225882	1654	3.17
51	1139.65226878	844	3.43
51	1148.58988469	15545	3.32
51	1215.36497461	290	4.31
51	1263.60903401	6015	3.30
51	1321.72238869	1180	3.55
51	1385.44532106	261	3.53
51	1412.25868586	248	4.24
51	1461.76821776	2507	3.35
51	1470.43205334	3398	3.45
51	1553.04397463	2445	3.42
51	1561.9924675	1651	3.67
51	1682.46386862	223	4.64
51	1699.92783358	1061	3.40
51	1812.85223323	495	3.37
51	1846.94726734	735	3.92
51	1926.22558153	1376	3.09
51	1948.88919706	1098	3.38
51	1959.49778515	261	2.90
52	145.148112759	445	3.58
52	261.563321449	472	4.41
52	269.181522607	418	2.96
52	306.318158043	630	3.52
52	393.072765139	1759	2.87
52	417.641538617	1537	2.87
52	429.208706912	374	2.94
52	518.237701308	348	3.22
52	528.543008266	1295	2.94
52	568.488246693	683	2.85
52	602.461320706	586	2.92
52	609.895340113	213	3.89
52	622.142284021	534	3.50
52	647.014236179	2554	2.83
52	716.25008373	633	3.64
52	877.554731143	2174	3.01
52	886.003363283	1508	2.97
52	908.467685806	233	5.02
52	949.146215259	526	4.52
52	1008.13813289	1393	3.05
52	1048.37311048	4123	3.34
52	1072.43129313	494	2.96
52	1132.38434505	361	3.72
52	1153.78097591	271	3.44
52	1289.28092341	243	3.70
52	1329.50789278	840	3.45
52	1376.20941369	515	3.68
52	1418.23362518	252	3.47
52	1448.06417032	821	3.31
52	1457.76887225	261	3.68
52	1491.35557179	330	4.35
52	1501.16108478	1346	5.36
52	1581.6842802	239	4.35
52	1713.92437563	582	3.42
52	1729.87075106	188	3.71
52	1797.29090303	374	3.65
52	1806.26792783	275	3.30
52	1822.15016691	792	3.01
52	1868.3679386	397	3.43
52	1933.54173855	3519	2.99  5343.5812
53	175.91931384	331	3.35
53	267.157142112	269	3.21
53	294.397338112	653	3.08
53	345.008906663	375	3.04
53	386.36288363	172	3.27
53	416.201923515	4933	2.75
53	513.489738041	271	2.77
53	622.640284431	280	2.73
53	808.58668582	655	2.95
53	838.312382986	620	3.22
53	849.908472846	717	3.40
53	900.422321977	303	3.65
53	933.997296891	5239	3.05
53	955.604341496	874	3.39
53	981.484459574	408	3.86
53	1058.90590097	295	2.93
53	1216.82328291	908	4.18
53	1222.95254492	843	4.23
53	1292.09159214	614	3.77
53	1361.84333152	1513	3.56
53	1372.86915162	2263	3.75
53	1388.75579351	4917	3.61
53	1462.9301001	1023	4.26
53	1539.01344951	266	3.26
53	1577.70781799	726	4.10
53	1642.95299429	220	2.82
53	1723.23428829	435	4.37
53	1730.36509829	442	3.41
53	1796.46437579	531	3.28
53	1812.08333865	923	3.53
53	1854.46352372	729	5.40
53	1910.40461509	285	3.45
53	1927.31383169	223	3.18
53	1985.92463934	256	2.05
53	2038.10598862	310	3.98
54	200.639512668	213	3.29
54	209.069902049	344	3.07
54	281.176068738	397	2.89
54	298.542842268	692	3.22
54	344.36917525	655	5.81
54	405.722754074	460	2.82
54	424.585549964	323	3.37
54	488.164736068	468	2.46
54	545.063397612	754	3.62
54	644.21755785	1160	3.03
54	669.849535313	1219	3.04
54	752.271649866	672	3.26
54	785.164335236	242	3.40
54	809.188644688	825	3.26
54	826.591695865	606	3.22
54	847.928711408	1201	3.63
54	890.080970143	524	3.40
54	948.819780581	357	3.21
54	1042.3112234	1072	3.23
54	1072.7512478	369	3.55
54	1078.96489163	514	2.93
54	1176.00208882	534	3.95
54	1222.00796369	260	4.58
54	1231.29993976	328	3.58
54	1255.70821673	558	3.89
54	1269.51481113	3007	3.27
54	1328.20899456	870	3.71
54	1415.57858607	288	4.56
54	1428.41694446	343	3.08
54	1469.8672047	1143	3.47
54	1479.90097841	191	3.47
54	1522.42755052	4683	3.32
54	1576.29496504	198	4.16
54	1639.25249836	2593	3.41
54	1689.34131876	6703	3.45
54	1730.86924815	225	2.80
54	1785.95069281	223	3.09
54	1797.14645755	261	4.32
54	1842.08413302	221	4.49
54	1885.06517979	483	3.14
54	1909.01227909	304	3.97
54	2035.53006178	517	3.17
55	123.942980007	999	3.18
55	178.823693182	3508	3.14
55	296.977582884	251	2.95
55	345.394340951	208	2.55
55	392.755273213	505	3.22
55	419.198469856	360	2.94
55	556.75442463	1142	3.08
55	565.456852477	270	2.93
55	606.01941741	1141	2.83  5239.552
55	629.531193393	1367	2.80  5238.8137
55	711.35244305	552	2.92
55	732.869998172	233	3.61
55	758.315994837	291	3.59
55	778.571745144	171	2.85
55	871.590726788	12418	3.01
55	892.072198173	216	3.35
55	912.402724614	743	3.68
55	963.5593281	676	3.52
55	1129.31659494	700	3.43
55	1161.40242656	486	4.08
55	1179.68645079	21117	3.35 5221.271
55	1190.24099156	382	3.27
55	1197.21311866	228	3.32
55	1246.37324742	2716	3.27
55	1317.1509195	890	3.44
55	1333.17788851	880	3.83
55	1379.58013776	2458	3.60
55	1422.97083742	1165	3.59
55	1487.67307664	4789	3.36
55	1510.24236106	1388	3.64
55	1533.40837662	738	3.51
55	1583.84433045	279	3.50
55	1611.0823001	222	3.84
55	1651.81178052	216	4.45
55	1671.76543621	359	2.88
55	1851.40916314	3078	3.03
55	1862.28867115	858	3.09
55	1951.2794522	1116	3.13
55	1980.73570783	233	2.18
55	1991.48119792	401	3.05
56	174.250790261	213	3.19
56	370.328317233	3607	2.70
56	382.199666291	1023	2.82
56	479.235506763	1997	2.80
56	511.096158469	415	2.87
56	523.125349291	716	2.68
56	578.51912254	498	3.82
56	622.853966128	269	3.12
56	738.696965512	42671	2.97 5187.7462
56	751.814810864	674	3.11
56	781.298701291	285	2.54
56	843.517969935	401	2.63
56	961.829120544	252	3.29
56	1033.04703366	316	5.32
56	1061.90121432	3944	3.72
56	1079.99044748	3825	3.34
56	1102.91114207	2231	3.39
56	1112.94588917	357	4.09
56	1131.17959626	704	3.30
56	1182.7091579	413	3.24
56	1330.33019058	287	3.60
56	1427.65125265	2169	3.35
56	1498.87631376	2272	3.39
56	1521.08228186	575	4.86
56	1534.74395821	27427	3.42 5162.2846
56	1557.5422423	888	3.66
56	1582.53334642	599	3.39
56	1647.23288905	8429	3.32
56	1779.64087694	2322	3.24
56	1812.99611262	317	3.43
56	1859.12761101	1924	3.20
56	1865.67045716	5525	3.18
57	38.43123409	6965	3.29
57	63.344728919	257	3.25
57	90.7359755819	234	3.35
57	161.516421454	3862	3.03
57	306.067220957	2058	2.78
57	341.815412906	248	4.70
57	392.754773427	2341	2.77
57	399.931755996	6911	2.90
57	574.675077739	240	2.36
57	598.623295566	8687	3.04
57	643.821057933	1333	2.97
57	712.733561955	16617	3.08
57	745.393490037	581	2.78
57	851.265607808	283	3.11
57	938.358424244	866	3.20
57	990.125439152	276	4.90
57	1136.60864763	635	3.59
57	1158.81342674	732	3.16
57	1222.59967267	4677	3.75
57	1231.21066686	349	3.68
57	1324.82399759	247	3.13
57	1458.61161583	2944	3.47
57	1486.96021635	331	4.35
57	1517.41407879	206	3.29
57	1556.42451432	3932	3.32
57	1672.33713719	391	3.24
57	1981.59251316	270	2.98
57	1997.02516938	677	3.09
58	76.2357614903	1222	3.12
58	420.609271349	248	2.89
58	539.920918572	555	2.75
58	556.619315921	1554	3.10
58	611.099640686	393	4.17
58	691.887581997	1615	2.91
58	712.234727983	213	2.39
58	737.881088917	317	2.93
58	768.645439122	181	3.06
58	885.958676012	10536	3.47
58	900.3998287	414	3.01
58	995.557508539	1806	3.40
58	1062.67238109	407	3.07
58	1069.38290162	218	3.24
58	1134.54961583	333	5.83
58	1175.59711806	745	3.46
58	1283.70868267	728	3.60
58	1439.73837395	1233	3.54
58	1490.05020697	201	4.15
58	1496.67167454	436	3.51
58	1505.18065939	627	3.27
58	1556.67346617	275	3.41
58	1598.99567633	7690	3.28  5067.9737
58	1625.27164273	229	3.06
58	1635.963991	422	2.66
58	1656.20996613	383	3.30
58	1685.27029567	986	3.32
58	1692.90035909	2208	3.24
58	1703.46751313	1506	3.13
58	1721.55428529	293	4.19
58	1737.05610357	246	3.79
58	1755.21047116	280	3.33
58	1782.62855078	10961	3.29
58	1794.31290064	368	3.52
58	1842.80107688	3066	3.31
58	1895.3277527	210	3.73
58	1951.65555923	402	3.06
58	2013.62125359	739	1.68
58	2023.3456045	880	3.17
59	136.564656811	2900	3.07
59	176.95488682	257	1.88
59	198.782796505	239	2.84
59	230.786317852	564	2.97
59	239.025007357	1309	3.00
59	250.578376713	898	3.01
59	287.125405317	218	3.14
59	336.861238206	9954	2.97
59	349.554186544	333	3.13
59	402.411153514	3659	3.02
59	409.657620855	590	2.69
59	459.399413824	285	3.30
59	472.345466459	266	2.99
59	520.772238943	729	2.90
59	564.189036511	221	2.85
59	598.676420214	2462	2.85
59	674.20814311	710	2.78
59	710.45517615	1561	2.92
59	742.296835993	678	3.80
59	775.101547255	4965	3.06
59	832.956798409	1753	3.03
59	855.661141397	325	3.75
59	891.514179235	1071	3.22
59	908.608865335	5450	3.15
59	947.828813677	272	3.56
59	1009.88015837	198	4.37
59	1024.50656351	518	5.21
59	1044.57215996	239	5.17
59	1076.53937775	221	2.88
59	1086.22248567	3522	3.26
59	1166.47931285	242	2.18
59	1245.36489096	357	3.97
59	1316.69637347	1108	3.55
59	1384.58923529	829	3.52
59	1412.65112147	214	4.01
59	1423.73634429	3142	3.46
59	1633.24566272	243	4.38
59	1701.80989533	889	3.20   5019.8062
59	1783.96636632	18374	3.33 5017.1628
59	2025.7974399	4498	3.02
60	262.063182076	567	2.99
60	351.700220003	17545	2.99 5017.1628
60	542.971142055	178	1.92
60	560.861087282	233	2.35
60	614.490895992	13726	2.95
60	780.943196617	390	4.13
60	787.321280191	396	2.33
60	804.667084248	323	3.07
60	854.072916314	5148	2.99
60	1115.07004223	194	1.52
60	1126.46586354	437	3.97
60	1249.25830273	1080	3.94
60	1269.99681224	1061	3.29
60	1326.03655303	253	3.78
60	1396.21633545	2317	3.25
60	1488.21482671	808	3.36
60	1561.15351985	543	3.18
60	1814.01386771	2150	3.37
60	2034.44975466	16147	3.03 4965.0795
